i   AlignChn ScoredChain  AlignResNum  AlignResType  AlignRespLDDT      n0chn  n0dom  n0res    d0chn     d0dom     d0res   ipTM_pae  ipSAE_d0chn ipSAE_d0dom    ipSAE 
1       A         B            1           SER           82.04           209    208      0     5.378     5.366     1.039     0.0665      0.0000      0.0000      0.0000
2       A         B            2           GLU           91.20           209    208    108     5.378     5.366     3.818     0.3456      0.3539      0.3529      0.2212
3       A         B            3           GLU           94.09           209    208    115     5.378     5.366     3.956     0.6117      0.6117      0.6107      0.4673
4       A         B            4           LYS           95.80           209    208    115     5.378     5.366     3.956     0.7457      0.7457      0.7448      0.6195
5       A         B            5           LYS           95.75           209    208    115     5.378     5.366     3.956     0.7802      0.7802      0.7794      0.6635
6       A         B            6           LYS           95.85           209    208    115     5.378     5.366     3.956     0.7912      0.7912      0.7905      0.6775
7       A         B            7           LEU           97.25           209    208    115     5.378     5.366     3.956     0.8324      0.8324      0.8318      0.7333
8       A         B            8           ALA           97.72           209    208    115     5.378     5.366     3.956     0.8496      0.8496      0.8491      0.7578
9       A         B            9           LEU           97.30           209    208    115     5.378     5.366     3.956     0.8517      0.8517      0.8511      0.7608
10      A         B           10           GLU           97.46           209    208    115     5.378     5.366     3.956     0.8418      0.8418      0.8412      0.7467
11      A         B           11           ALA           98.22           209    208    115     5.378     5.366     3.956     0.8685      0.8685      0.8680      0.7852
12      A         B           12           ALA           98.12           209    208    115     5.378     5.366     3.956     0.8624      0.8624      0.8618      0.7766
13      A         B           13           ALA           97.79           209    208    115     5.378     5.366     3.956     0.8449      0.8449      0.8443      0.7514
14      A         B           14           LYS           98.39           209    208    115     5.378     5.366     3.956     0.8659      0.8659      0.8654      0.7813
15      A         B           15           LEU           98.58           209    208    115     5.378     5.366     3.956     0.8816      0.8816      0.8812      0.8049
16      A         B           16           SER           98.20           209    208    115     5.378     5.366     3.956     0.8651      0.8651      0.8646      0.7808
17      A         B           17           GLN           97.97           209    208    115     5.378     5.366     3.956     0.8664      0.8664      0.8659      0.7822
18      A         B           18           ALA           98.12           209    208    115     5.378     5.366     3.956     0.8668      0.8668      0.8662      0.7830
19      A         B           19           MET           97.64           209    208    115     5.378     5.366     3.956     0.8393      0.8393      0.8387      0.7445
20      A         B           20           LYS           96.44           209    208    115     5.378     5.366     3.956     0.8222      0.8222      0.8215      0.7206
21      A         B           21           VAL           96.89           209    208    115     5.378     5.366     3.956     0.7970      0.7970      0.7963      0.6874
22      A         B           22           LEU           96.94           209    208    115     5.378     5.366     3.956     0.8220      0.8220      0.8214      0.7202
23      A         B           23           ALA           95.25           209    208    115     5.378     5.366     3.956     0.7301      0.7301      0.7293      0.6042
24      A         B           24           GLU           93.06           209    208    115     5.378     5.366     3.956     0.5731      0.5731      0.5720      0.4332
25      A         B           25           LYS           89.41           209    208    102     5.378     5.366     3.694     0.3872      0.4097      0.4087      0.2574
26      A         B           26           ARG           85.54           209    208     75     5.378     5.366     3.054     0.2989      0.3601      0.3591      0.1604
27      A         B           27           ASP           88.67           209    208     69     5.378     5.366     2.887     0.2807      0.3483      0.3473      0.1385
28      A         B           28           ASP           93.26           209    208    101     5.378     5.366     3.673     0.3647      0.3857      0.3847      0.2326
29      A         B           29           VAL           94.16           209    208    115     5.378     5.366     3.956     0.5016      0.5016      0.5005      0.3603
30      A         B           30           LYS           94.21           209    208    115     5.378     5.366     3.956     0.4968      0.4968      0.4957      0.3558
31      A         B           31           ALA           95.22           209    208    115     5.378     5.366     3.956     0.6005      0.6005      0.5995      0.4581
32      A         B           32           ALA           96.22           209    208    115     5.378     5.366     3.956     0.6796      0.6796      0.6786      0.5428
33      A         B           33           ALA           96.61           209    208    115     5.378     5.366     3.956     0.7210      0.7210      0.7201      0.5908
34      A         B           34           GLU           96.72           209    208    115     5.378     5.366     3.956     0.6864      0.6864      0.6855      0.5505
35      A         B           35           GLU           97.24           209    208    115     5.378     5.366     3.956     0.7805      0.7805      0.7797      0.6638
36      A         B           36           ALA           97.65           209    208    115     5.378     5.366     3.956     0.7944      0.7944      0.7937      0.6820
37      A         B           37           VAL           97.92           209    208    115     5.378     5.366     3.956     0.7981      0.7981      0.7974      0.6868
38      A         B           38           LYS           98.09           209    208    115     5.378     5.366     3.956     0.7811      0.7811      0.7803      0.6648
39      A         B           39           LEU           98.23           209    208    115     5.378     5.366     3.956     0.8439      0.8439      0.8433      0.7491
40      A         B           40           MET           98.33           209    208    115     5.378     5.366     3.956     0.8317      0.8317      0.8311      0.7321
41      A         B           41           LYS           98.28           209    208    115     5.378     5.366     3.956     0.8210      0.8210      0.8203      0.7169
42      A         B           42           GLU           98.31           209    208    115     5.378     5.366     3.956     0.8152      0.8152      0.8145      0.7091
43      A         B           43           ALA           98.56           209    208    115     5.378     5.366     3.956     0.8303      0.8303      0.8296      0.7301
44      A         B           44           ALA           98.14           209    208    115     5.378     5.366     3.956     0.8067      0.8067      0.8060      0.6976
45      A         B           45           LYS           98.08           209    208    115     5.378     5.366     3.956     0.7661      0.7661      0.7653      0.6447
46      A         B           46           LEU           97.90           209    208    115     5.378     5.366     3.956     0.8095      0.8095      0.8088      0.7008
47      A         B           47           ALA           97.72           209    208    115     5.378     5.366     3.956     0.7797      0.7797      0.7789      0.6615
48      A         B           48           ALA           97.21           209    208    115     5.378     5.366     3.956     0.7416      0.7416      0.7407      0.6138
49      A         B           49           LYS           96.99           209    208    115     5.378     5.366     3.956     0.7053      0.7053      0.7043      0.5694
50      A         B           50           ALA           94.95           209    208    115     5.378     5.366     3.956     0.6303      0.6303      0.6292      0.4848
51      A         B           51           ASP           94.94           209    208    115     5.378     5.366     3.956     0.5735      0.5735      0.5724      0.4258
52      A         B           52           GLU           95.77           209    208    115     5.378     5.366     3.956     0.5770      0.5770      0.5759      0.4295
53      A         B           53           GLU           95.35           209    208    115     5.378     5.366     3.956     0.6516      0.6516      0.6506      0.5098
54      A         B           54           LEU           96.91           209    208    115     5.378     5.366     3.956     0.7492      0.7492      0.7484      0.6223
55      A         B           55           LYS           97.36           209    208    115     5.378     5.366     3.956     0.7544      0.7544      0.7536      0.6292
56      A         B           56           LYS           97.46           209    208    115     5.378     5.366     3.956     0.7157      0.7157      0.7148      0.5820
57      A         B           57           LYS           97.27           209    208    115     5.378     5.366     3.956     0.7642      0.7642      0.7634      0.6417
58      A         B           58           VAL           98.11           209    208    115     5.378     5.366     3.956     0.8083      0.8083      0.8076      0.6997
59      A         B           59           GLU           98.17           209    208    115     5.378     5.366     3.956     0.7857      0.7857      0.7849      0.6695
60      A         B           60           GLU           98.10           209    208    115     5.378     5.366     3.956     0.7615      0.7615      0.7607      0.6385
61      A         B           61           ALA           98.32           209    208    115     5.378     5.366     3.956     0.8040      0.8040      0.8033      0.6937
62      A         B           62           LEU           98.15           209    208    115     5.378     5.366     3.956     0.7975      0.7975      0.7968      0.6854
63      A         B           63           LYS           97.92           209    208    115     5.378     5.366     3.956     0.7572      0.7572      0.7564      0.6333
64      A         B           64           GLU           98.20           209    208    115     5.378     5.366     3.956     0.7878      0.7878      0.7870      0.6726
65      A         B           65           VAL           97.83           209    208    115     5.378     5.366     3.956     0.7942      0.7942      0.7935      0.6810
66      A         B           66           GLU           97.04           209    208    115     5.378     5.366     3.956     0.7572      0.7572      0.7564      0.6338
67      A         B           67           LYS           97.01           209    208    115     5.378     5.366     3.956     0.6615      0.6615      0.6605      0.5209
68      A         B           68           ASN           96.47           209    208    115     5.378     5.366     3.956     0.6699      0.6699      0.6690      0.5301
69      A         B           69           ARG           95.03           209    208    115     5.378     5.366     3.956     0.5331      0.5331      0.5320      0.3887
70      A         B           70           ASP           93.74           209    208    115     5.378     5.366     3.956     0.4630      0.4630      0.4619      0.3243
71      A         B           71           ASP           95.40           209    208    115     5.378     5.366     3.956     0.7059      0.7059      0.7050      0.5725
72      A         B           72           ALA           94.37           209    208    115     5.378     5.366     3.956     0.7408      0.7408      0.7399      0.6146
73      A         B           73           GLU           94.61           209    208    115     5.378     5.366     3.956     0.7559      0.7559      0.7551      0.6330
74      A         B           74           LYS           96.72           209    208    115     5.378     5.366     3.956     0.8050      0.8050      0.8043      0.6963
75      A         B           75           MET           97.26           209    208    115     5.378     5.366     3.956     0.8279      0.8279      0.8273      0.7278
76      A         B           76           MET           96.99           209    208    115     5.378     5.366     3.956     0.8329      0.8329      0.8323      0.7347
77      A         B           77           GLU           96.97           209    208    115     5.378     5.366     3.956     0.8327      0.8327      0.8320      0.7341
78      A         B           78           ILE           98.01           209    208    115     5.378     5.366     3.956     0.8635      0.8635      0.8630      0.7779
79      A         B           79           VAL           98.24           209    208    115     5.378     5.366     3.956     0.8696      0.8696      0.8691      0.7872
80      A         B           80           ALA           97.75           209    208    115     5.378     5.366     3.956     0.8653      0.8653      0.8647      0.7805
81      A         B           81           LYS           97.35           209    208    115     5.378     5.366     3.956     0.8586      0.8586      0.8581      0.7709
82      A         B           82           ALA           98.10           209    208    115     5.378     5.366     3.956     0.8755      0.8755      0.8750      0.7958
83      A         B           83           ILE           98.27           209    208    115     5.378     5.366     3.956     0.8938      0.8938      0.8934      0.8233
84      A         B           84           VAL           97.15           209    208    115     5.378     5.366     3.956     0.8753      0.8753      0.8748      0.7955
85      A         B           85           ASP           96.99           209    208    115     5.378     5.366     3.956     0.8711      0.8711      0.8706      0.7892
86      A         B           86           VAL           97.56           209    208    115     5.378     5.366     3.956     0.8755      0.8755      0.8750      0.7956
87      A         B           87           MET           96.62           209    208    115     5.378     5.366     3.956     0.8616      0.8616      0.8611      0.7751
88      A         B           88           LYS           96.01           209    208    115     5.378     5.366     3.956     0.8578      0.8578      0.8573      0.7695
89      A         B           89           TYR           95.94           209    208    115     5.378     5.366     3.956     0.8560      0.8560      0.8555      0.7668
90      A         B           90           ILE           95.81           209    208    115     5.378     5.366     3.956     0.8464      0.8464      0.8458      0.7528
91      A         B           91           SER           93.26           209    208    115     5.378     5.366     3.956     0.7777      0.7777      0.7770      0.6598
92      A         B           92           LYS           92.47           209    208    115     5.378     5.366     3.956     0.7486      0.7486      0.7478      0.6233
93      A         B           93           LEU           90.88           209    208    115     5.378     5.366     3.956     0.6558      0.6558      0.6548      0.5144
94      A         B           94           ASP           84.96           209    208     88     5.378     5.366     3.382     0.3028      0.3329      0.3319      0.1699
95      B         A            1           ASN           68.35           209    208      0     5.378     5.366     1.039     0.0611      0.0000      0.0000      0.0000
96      B         A            2           ALA           81.59           209    208      3     5.378     5.366     1.039     0.0968      0.2469      0.2460      0.0121
97      B         A            3           PHE           94.21           209    208     94     5.378     5.366     3.521     0.5816      0.5816      0.5806      0.3843
98      B         A            4           THR           96.98           209    208     94     5.378     5.366     3.521     0.7583      0.7583      0.7574      0.5811
99      B         A            5           VAL           98.10           209    208     94     5.378     5.366     3.521     0.8165      0.8165      0.8158      0.6610
100     B         A            6           THR           98.04           209    208     94     5.378     5.366     3.521     0.7808      0.7808      0.7801      0.6103
101     B         A            7           VAL           98.07           209    208     94     5.378     5.366     3.521     0.7486      0.7486      0.7477      0.5667
102     B         A            8           PRO           97.44           209    208     94     5.378     5.366     3.521     0.6717      0.6717      0.6708      0.4733
103     B         A            9           LYS           98.01           209    208     94     5.378     5.366     3.521     0.6020      0.6020      0.6009      0.3985
104     B         A           10           ASP           97.88           209    208     94     5.378     5.366     3.521     0.5936      0.5936      0.5925      0.3912
105     B         A           11           LEU           98.57           209    208     94     5.378     5.366     3.521     0.7322      0.7322      0.7313      0.5453
106     B         A           12           TYR           98.59           209    208     94     5.378     5.366     3.521     0.7786      0.7786      0.7778      0.6058
107     B         A           13           VAL           98.51           209    208     94     5.378     5.366     3.521     0.7268      0.7268      0.7259      0.5380
108     B         A           14           VAL           98.32           209    208     94     5.378     5.366     3.521     0.5553      0.5553      0.5542      0.3527
109     B         A           15           GLU           98.30           209    208     94     5.378     5.366     3.521     0.5408      0.5408      0.5397      0.3394
110     B         A           16           TYR           98.35           209    208     94     5.378     5.366     3.521     0.6348      0.6348      0.6338      0.4311
111     B         A           17           GLY           98.22           209    208     94     5.378     5.366     3.521     0.5496      0.5496      0.5485      0.3468
112     B         A           18           SER           97.96           209    208     94     5.378     5.366     3.521     0.5557      0.5557      0.5546      0.3522
113     B         A           19           ASN           97.98           209    208     94     5.378     5.366     3.521     0.6471      0.6471      0.6461      0.4447
114     B         A           20           MET           97.85           209    208     94     5.378     5.366     3.521     0.6180      0.6180      0.6169      0.4137
115     B         A           21           THR           98.46           209    208     94     5.378     5.366     3.521     0.7753      0.7753      0.7745      0.6010
116     B         A           22           ILE           98.40           209    208     94     5.378     5.366     3.521     0.7079      0.7079      0.7070      0.5148
117     B         A           23           GLU           98.16           209    208     94     5.378     5.366     3.521     0.6635      0.6635      0.6625      0.4642
118     B         A           24           CYS           97.22           209    208     94     5.378     5.366     3.521     0.5809      0.5809      0.5798      0.3802
119     B         A           25           LYS           98.38           209    208     94     5.378     5.366     3.521     0.7873      0.7873      0.7866      0.6182
120     B         A           26           PHE           98.36           209    208     94     5.378     5.366     3.521     0.8460      0.8460      0.8454      0.7057
121     B         A           27           PRO           97.02           209    208     94     5.378     5.366     3.521     0.7392      0.7392      0.7383      0.5546
122     B         A           28           VAL           94.77           209    208     94     5.378     5.366     3.521     0.5212      0.5212      0.5201      0.3257
123     B         A           29           GLU           86.73           209    208     25     5.378     5.366     1.039     0.2031      0.2921      0.2911      0.0157
124     B         A           30           LYS           82.56           209    208      4     5.378     5.366     1.039     0.1366      0.2940      0.2930      0.0155
125     B         A           31           GLN           92.62           209    208     84     5.378     5.366     3.286     0.3307      0.3456      0.3446      0.1699
126     B         A           32           LEU           95.59           209    208     94     5.378     5.366     3.521     0.7351      0.7351      0.7342      0.5512
127     B         A           33           ASP           95.40           209    208     94     5.378     5.366     3.521     0.8175      0.8175      0.8169      0.6633
128     B         A           34           LEU           96.34           209    208     94     5.378     5.366     3.521     0.8402      0.8402      0.8396      0.6979
129     B         A           35           ALA           95.15           209    208     94     5.378     5.366     3.521     0.8344      0.8344      0.8337      0.6895
130     B         A           36           ALA           96.32           209    208     94     5.378     5.366     3.521     0.8467      0.8467      0.8461      0.7087
131     B         A           37           LEU           97.87           209    208     94     5.378     5.366     3.521     0.8876      0.8876      0.8872      0.7757
132     B         A           38           ILE           98.47           209    208     94     5.378     5.366     3.521     0.8888      0.8888      0.8884      0.7777
133     B         A           39           VAL           98.47           209    208     94     5.378     5.366     3.521     0.8929      0.8929      0.8925      0.7845
134     B         A           40           TYR           98.30           209    208     94     5.378     5.366     3.521     0.8704      0.8704      0.8699      0.7462
135     B         A           41           TRP           98.58           209    208     94     5.378     5.366     3.521     0.8734      0.8734      0.8729      0.7508
136     B         A           42           GLU           97.83           209    208     94     5.378     5.366     3.521     0.7692      0.7692      0.7684      0.5953
137     B         A           43           MET           97.64           209    208     94     5.378     5.366     3.521     0.7014      0.7014      0.7005      0.5115
138     B         A           44           GLU           91.67           209    208     94     5.378     5.366     3.521     0.4703      0.4703      0.4692      0.2882
139     B         A           45           ASP           90.71           209    208     94     5.378     5.366     3.521     0.4710      0.4710      0.4699      0.2863
140     B         A           46           LYS           96.96           209    208     94     5.378     5.366     3.521     0.6985      0.6985      0.6976      0.5073
141     B         A           47           ASN           97.30           209    208     94     5.378     5.366     3.521     0.7848      0.7848      0.7840      0.6156
142     B         A           48           ILE           98.33           209    208     94     5.378     5.366     3.521     0.8354      0.8354      0.8347      0.6894
143     B         A           49           ILE           98.27           209    208     94     5.378     5.366     3.521     0.8410      0.8410      0.8404      0.6981
144     B         A           50           GLN           98.00           209    208     94     5.378     5.366     3.521     0.8630      0.8630      0.8625      0.7336
145     B         A           51           PHE           98.24           209    208     94     5.378     5.366     3.521     0.8719      0.8719      0.8714      0.7483
146     B         A           52           VAL           97.27           209    208     94     5.378     5.366     3.521     0.8040      0.8040      0.8033      0.6446
147     B         A           53           HIS           93.41           209    208     94     5.378     5.366     3.521     0.7261      0.7261      0.7252      0.5411
148     B         A           54           GLY           95.83           209    208     94     5.378     5.366     3.521     0.6966      0.6966      0.6957      0.5053
149     B         A           55           GLU           95.94           209    208     94     5.378     5.366     3.521     0.6968      0.6968      0.6959      0.5044
150     B         A           56           GLU           95.22           209    208     94     5.378     5.366     3.521     0.7117      0.7117      0.7107      0.5203
151     B         A           57           ASP           95.25           209    208     94     5.378     5.366     3.521     0.7169      0.7169      0.7160      0.5263
152     B         A           58           LEU           95.12           209    208     94     5.378     5.366     3.521     0.6867      0.6867      0.6857      0.4899
153     B         A           59           LYS           95.63           209    208     94     5.378     5.366     3.521     0.6739      0.6739      0.6729      0.4759
154     B         A           60           VAL           96.32           209    208     94     5.378     5.366     3.521     0.7128      0.7128      0.7118      0.5212
155     B         A           61           GLN           97.99           209    208     94     5.378     5.366     3.521     0.7967      0.7967      0.7960      0.6309
156     B         A           62           HIS           98.09           209    208     94     5.378     5.366     3.521     0.8026      0.8026      0.8019      0.6402
157     B         A           63           SER           97.75           209    208     94     5.378     5.366     3.521     0.7096      0.7096      0.7086      0.5178
158     B         A           64           SER           97.71           209    208     94     5.378     5.366     3.521     0.7144      0.7144      0.7135      0.5225
159     B         A           65           TYR           98.13           209    208     94     5.378     5.366     3.521     0.7646      0.7646      0.7638      0.5861
160     B         A           66           ARG           97.11           209    208     94     5.378     5.366     3.521     0.6146      0.6146      0.6135      0.4123
161     B         A           67           GLN           96.33           209    208     94     5.378     5.366     3.521     0.5357      0.5357      0.5346      0.3350
162     B         A           68           ARG           97.87           209    208     94     5.378     5.366     3.521     0.6607      0.6607      0.6597      0.4601
163     B         A           69           ALA           97.90           209    208     94     5.378     5.366     3.521     0.7324      0.7324      0.7316      0.5441
164     B         A           70           ARG           97.00           209    208     94     5.378     5.366     3.521     0.6678      0.6678      0.6668      0.4688
165     B         A           71           LEU           97.81           209    208     94     5.378     5.366     3.521     0.7850      0.7850      0.7843      0.6143
166     B         A           72           LEU           97.97           209    208     94     5.378     5.366     3.521     0.7840      0.7840      0.7832      0.6124
167     B         A           73           LYS           97.02           209    208     94     5.378     5.366     3.521     0.6864      0.6864      0.6854      0.4888
168     B         A           74           ASP           96.63           209    208     94     5.378     5.366     3.521     0.6162      0.6162      0.6152      0.4123
169     B         A           75           GLN           97.83           209    208     94     5.378     5.366     3.521     0.7842      0.7842      0.7835      0.6130
170     B         A           76           LEU           97.84           209    208     94     5.378     5.366     3.521     0.8069      0.8069      0.8062      0.6458
171     B         A           77           SER           97.04           209    208     94     5.378     5.366     3.521     0.7184      0.7184      0.7175      0.5281
172     B         A           78           LEU           97.15           209    208     94     5.378     5.366     3.521     0.7301      0.7301      0.7292      0.5415
173     B         A           79           GLY           97.94           209    208     94     5.378     5.366     3.521     0.7471      0.7471      0.7463      0.5634
174     B         A           80           ASN           98.49           209    208     94     5.378     5.366     3.521     0.8168      0.8168      0.8161      0.6600
175     B         A           81           ALA           98.59           209    208     94     5.378     5.366     3.521     0.8142      0.8142      0.8135      0.6562
176     B         A           82           ALA           98.62           209    208     94     5.378     5.366     3.521     0.8075      0.8075      0.8068      0.6465
177     B         A           83           LEU           98.64           209    208     94     5.378     5.366     3.521     0.8404      0.8404      0.8397      0.6964
178     B         A           84           GLN           98.53           209    208     94     5.378     5.366     3.521     0.7956      0.7956      0.7948      0.6293
179     B         A           85           ILE           98.61           209    208     94     5.378     5.366     3.521     0.7870      0.7870      0.7863      0.6168
180     B         A           86           THR           98.45           209    208     94     5.378     5.366     3.521     0.7038      0.7038      0.7028      0.5091
181     B         A           87           ASP           98.27           209    208     94     5.378     5.366     3.521     0.6429      0.6429      0.6418      0.4394
182     B         A           88           VAL           98.51           209    208     94     5.378     5.366     3.521     0.6905      0.6905      0.6896      0.4929
183     B         A           89           LYS           98.20           209    208     94     5.378     5.366     3.521     0.6546      0.6546      0.6536      0.4534
184     B         A           90           LEU           97.96           209    208     94     5.378     5.366     3.521     0.6582      0.6582      0.6572      0.4584
185     B         A           91           GLN           97.66           209    208     94     5.378     5.366     3.521     0.6632      0.6632      0.6622      0.4647
186     B         A           92           ASP           98.51           209    208     94     5.378     5.366     3.521     0.7706      0.7706      0.7698      0.5957
187     B         A           93           ALA           98.59           209    208     94     5.378     5.366     3.521     0.7725      0.7725      0.7717      0.5986
188     B         A           94           GLY           98.20           209    208     94     5.378     5.366     3.521     0.7530      0.7530      0.7522      0.5749
189     B         A           95           VAL           97.89           209    208     94     5.378     5.366     3.521     0.8296      0.8296      0.8289      0.6811
190     B         A           96           TYR           98.49           209    208     94     5.378     5.366     3.521     0.8626      0.8626      0.8621      0.7330
191     B         A           97           ARG           98.16           209    208     94     5.378     5.366     3.521     0.8326      0.8326      0.8320      0.6862
192     B         A           98           CYS           97.79           209    208     94     5.378     5.366     3.521     0.7930      0.7930      0.7922      0.6297
193     B         A           99           MET           97.99           209    208     94     5.378     5.366     3.521     0.8600      0.8600      0.8594      0.7300
194     B         A          100           ILE           98.39           209    208     94     5.378     5.366     3.521     0.8838      0.8838      0.8834      0.7692
195     B         A          101           SER           98.37           209    208     94     5.378     5.366     3.521     0.8981      0.8981      0.8977      0.7941
196     B         A          102           TYR           97.70           209    208     94     5.378     5.366     3.521     0.8909      0.8909      0.8904      0.7814
197     B         A          103           GLY           96.03           209    208     94     5.378     5.366     3.521     0.8377      0.8377      0.8371      0.6949
198     B         A          104           GLY           96.91           209    208     94     5.378     5.366     3.521     0.8362      0.8362      0.8356      0.6929
199     B         A          105           ALA           97.64           209    208     94     5.378     5.366     3.521     0.8735      0.8735      0.8730      0.7521
200     B         A          106           ASP           97.65           209    208     94     5.378     5.366     3.521     0.8802      0.8802      0.8798      0.7635
201     B         A          107           TYR           97.52           209    208     94     5.378     5.366     3.521     0.8731      0.8731      0.8726      0.7516
202     B         A          108           LYS           97.70           209    208     94     5.378     5.366     3.521     0.8541      0.8541      0.8536      0.7205
203     B         A          109           ARG           97.64           209    208     94     5.378     5.366     3.521     0.8244      0.8244      0.8237      0.6744
204     B         A          110           ILE           98.49           209    208     94     5.378     5.366     3.521     0.8371      0.8371      0.8364      0.6926
205     B         A          111           THR           98.56           209    208     94     5.378     5.366     3.521     0.8207      0.8207      0.8201      0.6680
206     B         A          112           VAL           98.71           209    208     94     5.378     5.366     3.521     0.8186      0.8186      0.8179      0.6637
207     B         A          113           LYS           98.66           209    208     94     5.378     5.366     3.521     0.7665      0.7665      0.7657      0.5906
208     B         A          114           VAL           98.29           209    208     94     5.378     5.366     3.521     0.5863      0.5863      0.5852      0.3828
209     B         A          115           ASN           94.56           209    208     19     5.378     5.366     1.039     0.1846      0.2637      0.2628      0.0132
