i   AlignChn ScoredChain  AlignResNum  AlignResType  AlignRespLDDT      n0chn  n0dom  n0res    d0chn     d0dom     d0res   ipTM_pae  ipSAE_d0chn ipSAE_d0dom    ipSAE 
1       A         B            1           SER           77.35           209    209      4     5.378     5.378     1.039     0.0767      0.2538      0.2538      0.0125
2       A         B            2           GLU           90.66           209    209    115     5.378     5.378     3.956     0.3458      0.3458      0.3458      0.2250
3       A         B            3           GLU           94.44           209    209    115     5.378     5.378     3.956     0.6125      0.6125      0.6125      0.4674
4       A         B            4           LYS           94.73           209    209    115     5.378     5.378     3.956     0.8127      0.8127      0.8127      0.7075
5       A         B            5           LYS           94.33           209    209    115     5.378     5.378     3.956     0.8372      0.8372      0.8372      0.7414
6       A         B            6           LYS           95.95           209    209    115     5.378     5.378     3.956     0.8514      0.8514      0.8514      0.7604
7       A         B            7           LEU           97.36           209    209    115     5.378     5.378     3.956     0.8863      0.8863      0.8863      0.8121
8       A         B            8           ALA           97.14           209    209    115     5.378     5.378     3.956     0.9116      0.9116      0.9116      0.8513
9       A         B            9           LEU           96.57           209    209    115     5.378     5.378     3.956     0.9116      0.9116      0.9116      0.8511
10      A         B           10           GLU           96.93           209    209    115     5.378     5.378     3.956     0.9037      0.9037      0.9037      0.8384
11      A         B           11           ALA           98.02           209    209    115     5.378     5.378     3.956     0.9220      0.9220      0.9220      0.8676
12      A         B           12           ALA           97.75           209    209    115     5.378     5.378     3.956     0.9248      0.9248      0.9248      0.8725
13      A         B           13           ALA           97.84           209    209    115     5.378     5.378     3.956     0.9276      0.9276      0.9276      0.8764
14      A         B           14           LYS           98.23           209    209    115     5.378     5.378     3.956     0.9217      0.9217      0.9217      0.8671
15      A         B           15           LEU           98.50           209    209    115     5.378     5.378     3.956     0.9341      0.9341      0.9341      0.8871
16      A         B           16           SER           98.01           209    209    115     5.378     5.378     3.956     0.9205      0.9205      0.9205      0.8658
17      A         B           17           GLN           97.75           209    209    115     5.378     5.378     3.956     0.9300      0.9300      0.9300      0.8805
18      A         B           18           ALA           98.15           209    209    115     5.378     5.378     3.956     0.9124      0.9124      0.9124      0.8528
19      A         B           19           MET           97.34           209    209    115     5.378     5.378     3.956     0.8999      0.8999      0.8999      0.8340
20      A         B           20           LYS           94.98           209    209    115     5.378     5.378     3.956     0.8731      0.8731      0.8731      0.7945
21      A         B           21           VAL           95.93           209    209    115     5.378     5.378     3.956     0.8681      0.8681      0.8681      0.7872
22      A         B           22           LEU           97.22           209    209    115     5.378     5.378     3.956     0.8727      0.8727      0.8727      0.7935
23      A         B           23           ALA           95.17           209    209    115     5.378     5.378     3.956     0.7934      0.7934      0.7934      0.6866
24      A         B           24           GLU           92.45           209    209    115     5.378     5.378     3.956     0.6742      0.6742      0.6742      0.5434
25      A         B           25           LYS           91.03           209    209    112     5.378     5.378     3.897     0.4285      0.4341      0.4341      0.3022
26      A         B           26           ARG           84.71           209    209     79     5.378     5.378     3.160     0.3305      0.3965      0.3965      0.1959
27      A         B           27           ASP           90.00           209    209    104     5.378     5.378     3.736     0.3886      0.4081      0.4081      0.2597
28      A         B           28           ASP           94.07           209    209    114     5.378     5.378     3.936     0.4188      0.4206      0.4206      0.2882
29      A         B           29           VAL           92.78           209    209    115     5.378     5.378     3.956     0.5644      0.5644      0.5644      0.4216
30      A         B           30           LYS           92.91           209    209    115     5.378     5.378     3.956     0.5729      0.5729      0.5729      0.4300
31      A         B           31           ALA           93.61           209    209    115     5.378     5.378     3.956     0.6484      0.6484      0.6484      0.5106
32      A         B           32           ALA           94.80           209    209    115     5.378     5.378     3.956     0.6781      0.6781      0.6781      0.5419
33      A         B           33           ALA           95.71           209    209    115     5.378     5.378     3.956     0.7661      0.7661      0.7661      0.6473
34      A         B           34           GLU           95.74           209    209    115     5.378     5.378     3.956     0.7468      0.7468      0.7468      0.6236
35      A         B           35           GLU           95.97           209    209    115     5.378     5.378     3.956     0.8336      0.8336      0.8336      0.7363
36      A         B           36           ALA           97.51           209    209    115     5.378     5.378     3.956     0.8428      0.8428      0.8428      0.7495
37      A         B           37           VAL           97.09           209    209    115     5.378     5.378     3.956     0.8555      0.8555      0.8555      0.7673
38      A         B           38           LYS           97.82           209    209    115     5.378     5.378     3.956     0.8344      0.8344      0.8344      0.7376
39      A         B           39           LEU           98.28           209    209    115     5.378     5.378     3.956     0.8988      0.8988      0.8988      0.8310
40      A         B           40           MET           98.41           209    209    115     5.378     5.378     3.956     0.8940      0.8940      0.8940      0.8240
41      A         B           41           LYS           97.83           209    209    115     5.378     5.378     3.956     0.8687      0.8687      0.8687      0.7863
42      A         B           42           GLU           98.07           209    209    115     5.378     5.378     3.956     0.8825      0.8825      0.8825      0.8059
43      A         B           43           ALA           98.29           209    209    115     5.378     5.378     3.956     0.8897      0.8897      0.8897      0.8171
44      A         B           44           ALA           97.87           209    209    115     5.378     5.378     3.956     0.8812      0.8812      0.8812      0.8046
45      A         B           45           LYS           97.89           209    209    115     5.378     5.378     3.956     0.8467      0.8467      0.8467      0.7540
46      A         B           46           LEU           98.02           209    209    115     5.378     5.378     3.956     0.8913      0.8913      0.8913      0.8190
47      A         B           47           ALA           97.83           209    209    115     5.378     5.378     3.956     0.8626      0.8626      0.8626      0.7768
48      A         B           48           ALA           97.75           209    209    115     5.378     5.378     3.956     0.8395      0.8395      0.8395      0.7443
49      A         B           49           LYS           96.85           209    209    115     5.378     5.378     3.956     0.7972      0.7972      0.7972      0.6848
50      A         B           50           ALA           96.02           209    209    115     5.378     5.378     3.956     0.7807      0.7807      0.7807      0.6627
51      A         B           51           ASP           94.68           209    209    115     5.378     5.378     3.956     0.7108      0.7108      0.7108      0.5767
52      A         B           52           GLU           95.19           209    209    115     5.378     5.378     3.956     0.6721      0.6721      0.6721      0.5318
53      A         B           53           GLU           93.17           209    209    115     5.378     5.378     3.956     0.7465      0.7465      0.7465      0.6215
54      A         B           54           LEU           95.48           209    209    115     5.378     5.378     3.956     0.8007      0.8007      0.8007      0.6901
55      A         B           55           LYS           96.12           209    209    115     5.378     5.378     3.956     0.7892      0.7892      0.7892      0.6749
56      A         B           56           LYS           95.74           209    209    115     5.378     5.378     3.956     0.7307      0.7307      0.7307      0.6019
57      A         B           57           LYS           95.81           209    209    115     5.378     5.378     3.956     0.8247      0.8247      0.8247      0.7237
58      A         B           58           VAL           98.06           209    209    115     5.378     5.378     3.956     0.8695      0.8695      0.8695      0.7868
59      A         B           59           GLU           97.65           209    209    115     5.378     5.378     3.956     0.8358      0.8358      0.8358      0.7389
60      A         B           60           GLU           97.27           209    209    115     5.378     5.378     3.956     0.7901      0.7901      0.7901      0.6777
61      A         B           61           ALA           98.14           209    209    115     5.378     5.378     3.956     0.8570      0.8570      0.8570      0.7688
62      A         B           62           LEU           97.49           209    209    115     5.378     5.378     3.956     0.8684      0.8684      0.8684      0.7852
63      A         B           63           LYS           97.39           209    209    115     5.378     5.378     3.956     0.8041      0.8041      0.8041      0.6954
64      A         B           64           GLU           97.72           209    209    115     5.378     5.378     3.956     0.8268      0.8268      0.8268      0.7268
65      A         B           65           VAL           97.41           209    209    115     5.378     5.378     3.956     0.8369      0.8369      0.8369      0.7401
66      A         B           66           GLU           94.31           209    209    115     5.378     5.378     3.956     0.7795      0.7795      0.7795      0.6637
67      A         B           67           LYS           95.25           209    209    115     5.378     5.378     3.956     0.6456      0.6456      0.6456      0.5056
68      A         B           68           ASN           96.30           209    209    115     5.378     5.378     3.956     0.7365      0.7365      0.7365      0.6097
69      A         B           69           ARG           92.67           209    209    115     5.378     5.378     3.956     0.5704      0.5704      0.5704      0.4262
70      A         B           70           ASP           92.66           209    209    115     5.378     5.378     3.956     0.5006      0.5006      0.5006      0.3602
71      A         B           71           ASP           94.55           209    209    115     5.378     5.378     3.956     0.7784      0.7784      0.7784      0.6626
72      A         B           72           ALA           92.38           209    209    115     5.378     5.378     3.956     0.8011      0.8011      0.8011      0.6930
73      A         B           73           GLU           92.96           209    209    115     5.378     5.378     3.956     0.8134      0.8134      0.8134      0.7086
74      A         B           74           LYS           96.13           209    209    115     5.378     5.378     3.956     0.8300      0.8300      0.8300      0.7316
75      A         B           75           MET           97.40           209    209    115     5.378     5.378     3.956     0.8864      0.8864      0.8864      0.8129
76      A         B           76           MET           96.65           209    209    115     5.378     5.378     3.956     0.8964      0.8964      0.8964      0.8276
77      A         B           77           GLU           95.30           209    209    115     5.378     5.378     3.956     0.8798      0.8798      0.8798      0.8028
78      A         B           78           ILE           97.79           209    209    115     5.378     5.378     3.956     0.9008      0.9008      0.9008      0.8347
79      A         B           79           VAL           97.92           209    209    115     5.378     5.378     3.956     0.9220      0.9220      0.9220      0.8676
80      A         B           80           ALA           96.69           209    209    115     5.378     5.378     3.956     0.9166      0.9166      0.9166      0.8586
81      A         B           81           LYS           96.22           209    209    115     5.378     5.378     3.956     0.9036      0.9036      0.9036      0.8388
82      A         B           82           ALA           97.92           209    209    115     5.378     5.378     3.956     0.9181      0.9181      0.9181      0.8614
83      A         B           83           ILE           97.99           209    209    115     5.378     5.378     3.956     0.9364      0.9364      0.9364      0.8904
84      A         B           84           VAL           95.55           209    209    115     5.378     5.378     3.956     0.9125      0.9125      0.9125      0.8525
85      A         B           85           ASP           96.19           209    209    115     5.378     5.378     3.956     0.9118      0.9118      0.9118      0.8513
86      A         B           86           VAL           97.30           209    209    115     5.378     5.378     3.956     0.9147      0.9147      0.9147      0.8556
87      A         B           87           MET           95.52           209    209    115     5.378     5.378     3.956     0.9022      0.9022      0.9022      0.8359
88      A         B           88           LYS           93.73           209    209    115     5.378     5.378     3.956     0.9051      0.9051      0.9051      0.8408
89      A         B           89           TYR           96.22           209    209    115     5.378     5.378     3.956     0.9065      0.9065      0.9065      0.8426
90      A         B           90           ILE           94.50           209    209    115     5.378     5.378     3.956     0.8850      0.8850      0.8850      0.8095
91      A         B           91           SER           92.04           209    209    115     5.378     5.378     3.956     0.7955      0.7955      0.7955      0.6838
92      A         B           92           LYS           90.45           209    209    115     5.378     5.378     3.956     0.7699      0.7699      0.7699      0.6519
93      A         B           93           LEU           90.40           209    209    115     5.378     5.378     3.956     0.6111      0.6111      0.6111      0.4697
94      A         B           94           ASP           79.79           209    209     19     5.378     5.378     1.039     0.1627      0.3053      0.3053      0.0165
95      B         A            1           ASN           67.65           209    209      2     5.378     5.378     1.039     0.0798      0.2444      0.2444      0.0119
96      B         A            2           ALA           78.92           209    209      3     5.378     5.378     1.039     0.1073      0.2698      0.2698      0.0137
97      B         A            3           PHE           96.33           209    209     94     5.378     5.378     3.521     0.8034      0.8034      0.8034      0.6444
98      B         A            4           THR           96.40           209    209     94     5.378     5.378     3.521     0.8190      0.8190      0.8190      0.6671
99      B         A            5           VAL           97.77           209    209     94     5.378     5.378     3.521     0.8960      0.8960      0.8960      0.7909
100     B         A            6           THR           97.88           209    209     94     5.378     5.378     3.521     0.8801      0.8801      0.8801      0.7627
101     B         A            7           VAL           97.94           209    209     94     5.378     5.378     3.521     0.8419      0.8419      0.8419      0.7004
102     B         A            8           PRO           96.13           209    209     94     5.378     5.378     3.521     0.8011      0.8011      0.8011      0.6376
103     B         A            9           LYS           94.64           209    209     94     5.378     5.378     3.521     0.6451      0.6451      0.6451      0.4457
104     B         A           10           ASP           95.17           209    209     94     5.378     5.378     3.521     0.5560      0.5560      0.5560      0.3580
105     B         A           11           LEU           98.24           209    209     94     5.378     5.378     3.521     0.7642      0.7642      0.7642      0.5884
106     B         A           12           TYR           98.15           209    209     94     5.378     5.378     3.521     0.8174      0.8174      0.8174      0.6628
107     B         A           13           VAL           97.89           209    209     94     5.378     5.378     3.521     0.7657      0.7657      0.7657      0.5902
108     B         A           14           VAL           96.29           209    209     94     5.378     5.378     3.521     0.6645      0.6645      0.6645      0.4661
109     B         A           15           GLU           97.40           209    209     94     5.378     5.378     3.521     0.6464      0.6464      0.6464      0.4446
110     B         A           16           TYR           97.55           209    209     94     5.378     5.378     3.521     0.7288      0.7288      0.7288      0.5399
111     B         A           17           GLY           97.63           209    209     94     5.378     5.378     3.521     0.6596      0.6596      0.6596      0.4584
112     B         A           18           SER           97.13           209    209     94     5.378     5.378     3.521     0.6665      0.6665      0.6665      0.4651
113     B         A           19           ASN           97.07           209    209     94     5.378     5.378     3.521     0.7241      0.7241      0.7241      0.5343
114     B         A           20           MET           94.97           209    209     94     5.378     5.378     3.521     0.6729      0.6729      0.6729      0.4743
115     B         A           21           THR           97.69           209    209     94     5.378     5.378     3.521     0.7861      0.7861      0.7861      0.6168
116     B         A           22           ILE           95.23           209    209     94     5.378     5.378     3.521     0.5751      0.5751      0.5751      0.3772
117     B         A           23           GLU           97.06           209    209     94     5.378     5.378     3.521     0.7876      0.7876      0.7876      0.6205
118     B         A           24           CYS           95.35           209    209     94     5.378     5.378     3.521     0.7801      0.7801      0.7801      0.6092
119     B         A           25           LYS           97.62           209    209     94     5.378     5.378     3.521     0.8734      0.8734      0.8734      0.7511
120     B         A           26           PHE           98.19           209    209     94     5.378     5.378     3.521     0.9078      0.9078      0.9078      0.8110
121     B         A           27           PRO           96.05           209    209     94     5.378     5.378     3.521     0.8291      0.8291      0.8291      0.6804
122     B         A           28           VAL           94.24           209    209     94     5.378     5.378     3.521     0.5955      0.5955      0.5955      0.3944
123     B         A           29           GLU           81.37           209    209     73     5.378     5.378     3.000     0.2972      0.3244      0.3244      0.1323
124     B         A           30           LYS           84.34           209    209     46     5.378     5.378     2.095     0.2370      0.2908      0.2908      0.0599
125     B         A           31           GLN           89.31           209    209     94     5.378     5.378     3.521     0.5073      0.5073      0.5073      0.3158
126     B         A           32           LEU           94.49           209    209     94     5.378     5.378     3.521     0.8301      0.8301      0.8301      0.6840
127     B         A           33           ASP           93.56           209    209     94     5.378     5.378     3.521     0.8871      0.8871      0.8871      0.7757
128     B         A           34           LEU           93.77           209    209     94     5.378     5.378     3.521     0.8979      0.8979      0.8979      0.7944
129     B         A           35           ALA           92.05           209    209     94     5.378     5.378     3.521     0.9028      0.9028      0.9028      0.8037
130     B         A           36           ALA           94.11           209    209     94     5.378     5.378     3.521     0.8980      0.8980      0.8980      0.7945
131     B         A           37           LEU           97.20           209    209     94     5.378     5.378     3.521     0.9427      0.9427      0.9427      0.8776
132     B         A           38           ILE           97.21           209    209     94     5.378     5.378     3.521     0.9461      0.9461      0.9461      0.8845
133     B         A           39           VAL           97.81           209    209     94     5.378     5.378     3.521     0.9433      0.9433      0.9433      0.8788
134     B         A           40           TYR           96.30           209    209     94     5.378     5.378     3.521     0.9162      0.9162      0.9162      0.8269
135     B         A           41           TRP           98.00           209    209     94     5.378     5.378     3.521     0.9270      0.9270      0.9270      0.8472
136     B         A           42           GLU           95.55           209    209     94     5.378     5.378     3.521     0.8562      0.8562      0.8562      0.7233
137     B         A           43           MET           94.53           209    209     94     5.378     5.378     3.521     0.7590      0.7590      0.7590      0.5821
138     B         A           44           GLU           87.41           209    209     94     5.378     5.378     3.521     0.4478      0.4478      0.4478      0.2690
139     B         A           45           ASP           86.88           209    209     94     5.378     5.378     3.521     0.4824      0.4824      0.4824      0.2967
140     B         A           46           LYS           94.78           209    209     94     5.378     5.378     3.521     0.7514      0.7514      0.7514      0.5728
141     B         A           47           ASN           94.42           209    209     94     5.378     5.378     3.521     0.8232      0.8232      0.8232      0.6730
142     B         A           48           ILE           97.65           209    209     94     5.378     5.378     3.521     0.8940      0.8940      0.8940      0.7869
143     B         A           49           ILE           97.09           209    209     94     5.378     5.378     3.521     0.9049      0.9049      0.9049      0.8058
144     B         A           50           GLN           95.96           209    209     94     5.378     5.378     3.521     0.9047      0.9047      0.9047      0.8056
145     B         A           51           PHE           96.88           209    209     94     5.378     5.378     3.521     0.9141      0.9141      0.9141      0.8228
146     B         A           52           VAL           92.87           209    209     94     5.378     5.378     3.521     0.8093      0.8093      0.8093      0.6533
147     B         A           53           HIS           82.95           209    209     94     5.378     5.378     3.521     0.6937      0.6937      0.6937      0.5057
148     B         A           54           GLY           91.22           209    209     94     5.378     5.378     3.521     0.7389      0.7389      0.7389      0.5574
149     B         A           55           GLU           90.88           209    209     94     5.378     5.378     3.521     0.6704      0.6704      0.6704      0.4763
150     B         A           56           GLU           92.05           209    209     94     5.378     5.378     3.521     0.7586      0.7586      0.7586      0.5808
151     B         A           57           ASP           90.49           209    209     94     5.378     5.378     3.521     0.7321      0.7321      0.7321      0.5463
152     B         A           58           LEU           89.67           209    209     94     5.378     5.378     3.521     0.6886      0.6886      0.6886      0.4939
153     B         A           59           LYS           92.64           209    209     94     5.378     5.378     3.521     0.6810      0.6810      0.6810      0.4846
154     B         A           60           VAL           91.61           209    209     94     5.378     5.378     3.521     0.7139      0.7139      0.7139      0.5237
155     B         A           61           GLN           96.14           209    209     94     5.378     5.378     3.521     0.8361      0.8361      0.8361      0.6905
156     B         A           62           HIS           96.88           209    209     94     5.378     5.378     3.521     0.8587      0.8587      0.8587      0.7267
157     B         A           63           SER           94.76           209    209     94     5.378     5.378     3.521     0.7828      0.7828      0.7828      0.6130
158     B         A           64           SER           93.62           209    209     94     5.378     5.378     3.521     0.7349      0.7349      0.7349      0.5496
159     B         A           65           TYR           96.30           209    209     94     5.378     5.378     3.521     0.8097      0.8097      0.8097      0.6507
160     B         A           66           ARG           93.38           209    209     94     5.378     5.378     3.521     0.5972      0.5972      0.5972      0.3977
161     B         A           67           GLN           93.24           209    209     94     5.378     5.378     3.521     0.5300      0.5300      0.5300      0.3311
162     B         A           68           ARG           95.22           209    209     94     5.378     5.378     3.521     0.6941      0.6941      0.6941      0.4987
163     B         A           69           ALA           96.71           209    209     94     5.378     5.378     3.521     0.8210      0.8210      0.8210      0.6669
164     B         A           70           ARG           94.59           209    209     94     5.378     5.378     3.521     0.7170      0.7170      0.7170      0.5272
165     B         A           71           LEU           97.38           209    209     94     5.378     5.378     3.521     0.8637      0.8637      0.8637      0.7342
166     B         A           72           LEU           97.40           209    209     94     5.378     5.378     3.521     0.8402      0.8402      0.8402      0.6963
167     B         A           73           LYS           92.69           209    209     94     5.378     5.378     3.521     0.6839      0.6839      0.6839      0.4871
168     B         A           74           ASP           93.83           209    209     94     5.378     5.378     3.521     0.6531      0.6531      0.6531      0.4525
169     B         A           75           GLN           95.60           209    209     94     5.378     5.378     3.521     0.8114      0.8114      0.8114      0.6531
170     B         A           76           LEU           96.51           209    209     94     5.378     5.378     3.521     0.8664      0.8664      0.8664      0.7387
171     B         A           77           SER           94.29           209    209     94     5.378     5.378     3.521     0.7789      0.7789      0.7789      0.6069
172     B         A           78           LEU           94.80           209    209     94     5.378     5.378     3.521     0.7579      0.7579      0.7579      0.5781
173     B         A           79           GLY           97.59           209    209     94     5.378     5.378     3.521     0.8159      0.8159      0.8159      0.6597
174     B         A           80           ASN           97.38           209    209     94     5.378     5.378     3.521     0.8800      0.8800      0.8800      0.7619
175     B         A           81           ALA           97.69           209    209     94     5.378     5.378     3.521     0.8868      0.8868      0.8868      0.7737
176     B         A           82           ALA           98.03           209    209     94     5.378     5.378     3.521     0.8633      0.8633      0.8633      0.7337
177     B         A           83           LEU           98.35           209    209     94     5.378     5.378     3.521     0.8936      0.8936      0.8936      0.7855
178     B         A           84           GLN           97.82           209    209     94     5.378     5.378     3.521     0.8740      0.8740      0.8740      0.7513
179     B         A           85           ILE           97.79           209    209     94     5.378     5.378     3.521     0.8627      0.8627      0.8627      0.7327
180     B         A           86           THR           97.08           209    209     94     5.378     5.378     3.521     0.8134      0.8134      0.8134      0.6553
181     B         A           87           ASP           95.84           209    209     94     5.378     5.378     3.521     0.7221      0.7221      0.7221      0.5312
182     B         A           88           VAL           97.55           209    209     94     5.378     5.378     3.521     0.7757      0.7757      0.7757      0.6019
183     B         A           89           LYS           95.54           209    209     94     5.378     5.378     3.521     0.7475      0.7475      0.7475      0.5640
184     B         A           90           LEU           96.41           209    209     94     5.378     5.378     3.521     0.7245      0.7245      0.7245      0.5383
185     B         A           91           GLN           93.86           209    209     94     5.378     5.378     3.521     0.7686      0.7686      0.7686      0.5945
186     B         A           92           ASP           97.46           209    209     94     5.378     5.378     3.521     0.8098      0.8098      0.8098      0.6517
187     B         A           93           ALA           97.50           209    209     94     5.378     5.378     3.521     0.7898      0.7898      0.7898      0.6247
188     B         A           94           GLY           97.44           209    209     94     5.378     5.378     3.521     0.7857      0.7857      0.7857      0.6235
189     B         A           95           VAL           96.16           209    209     94     5.378     5.378     3.521     0.8735      0.8735      0.8735      0.7519
190     B         A           96           TYR           98.11           209    209     94     5.378     5.378     3.521     0.9016      0.9016      0.9016      0.8007
191     B         A           97           ARG           96.53           209    209     94     5.378     5.378     3.521     0.8682      0.8682      0.8682      0.7438
192     B         A           98           CYS           96.00           209    209     94     5.378     5.378     3.521     0.8938      0.8938      0.8938      0.7873
193     B         A           99           MET           97.01           209    209     94     5.378     5.378     3.521     0.9263      0.9263      0.9263      0.8462
194     B         A          100           ILE           97.90           209    209     94     5.378     5.378     3.521     0.9506      0.9506      0.9506      0.8934
195     B         A          101           SER           97.47           209    209     94     5.378     5.378     3.521     0.9406      0.9406      0.9406      0.8740
196     B         A          102           TYR           97.00           209    209     94     5.378     5.378     3.521     0.9218      0.9218      0.9218      0.8380
197     B         A          103           GLY           95.41           209    209     94     5.378     5.378     3.521     0.8662      0.8662      0.8662      0.7428
198     B         A          104           GLY           97.59           209    209     94     5.378     5.378     3.521     0.9110      0.9110      0.9110      0.8190
199     B         A          105           ALA           97.20           209    209     94     5.378     5.378     3.521     0.9346      0.9346      0.9346      0.8624
200     B         A          106           ASP           97.59           209    209     94     5.378     5.378     3.521     0.9376      0.9376      0.9376      0.8681
201     B         A          107           TYR           96.94           209    209     94     5.378     5.378     3.521     0.9268      0.9268      0.9268      0.8475
202     B         A          108           LYS           97.35           209    209     94     5.378     5.378     3.521     0.9083      0.9083      0.9083      0.8129
203     B         A          109           ARG           96.38           209    209     94     5.378     5.378     3.521     0.8779      0.8779      0.8779      0.7608
204     B         A          110           ILE           97.93           209    209     94     5.378     5.378     3.521     0.8849      0.8849      0.8849      0.7720
205     B         A          111           THR           97.96           209    209     94     5.378     5.378     3.521     0.8616      0.8616      0.8616      0.7329
206     B         A          112           VAL           98.10           209    209     94     5.378     5.378     3.521     0.8639      0.8639      0.8639      0.7361
207     B         A          113           LYS           97.99           209    209     94     5.378     5.378     3.521     0.8066      0.8066      0.8066      0.6479
208     B         A          114           VAL           97.50           209    209     94     5.378     5.378     3.521     0.6429      0.6429      0.6429      0.4450
209     B         A          115           ASN           91.47           209    209     92     5.378     5.378     3.475     0.3402      0.3428      0.3428      0.1819
