i   AlignChn ScoredChain  AlignResNum  AlignResType  AlignRespLDDT      n0chn  n0dom  n0res    d0chn     d0dom     d0res   ipTM_pae  ipSAE_d0chn ipSAE_d0dom    ipSAE 
1       A         B            1           SER           79.57           209    209      6     5.378     5.378     1.039     0.0918      0.2966      0.2966      0.0156
2       A         B            2           GLU           89.37           209    209    115     5.378     5.378     3.956     0.3898      0.3898      0.3898      0.2600
3       A         B            3           GLU           94.47           209    209    115     5.378     5.378     3.956     0.6088      0.6088      0.6088      0.4634
4       A         B            4           LYS           94.70           209    209    115     5.378     5.378     3.956     0.8192      0.8192      0.8192      0.7162
5       A         B            5           LYS           94.05           209    209    115     5.378     5.378     3.956     0.8368      0.8368      0.8368      0.7409
6       A         B            6           LYS           95.78           209    209    115     5.378     5.378     3.956     0.8477      0.8477      0.8477      0.7552
7       A         B            7           LEU           97.32           209    209    115     5.378     5.378     3.956     0.8834      0.8834      0.8834      0.8078
8       A         B            8           ALA           97.11           209    209    115     5.378     5.378     3.956     0.9083      0.9083      0.9083      0.8463
9       A         B            9           LEU           96.43           209    209    115     5.378     5.378     3.956     0.9107      0.9107      0.9107      0.8498
10      A         B           10           GLU           96.81           209    209    115     5.378     5.378     3.956     0.9068      0.9068      0.9068      0.8434
11      A         B           11           ALA           98.02           209    209    115     5.378     5.378     3.956     0.9226      0.9226      0.9226      0.8686
12      A         B           12           ALA           97.77           209    209    115     5.378     5.378     3.956     0.9254      0.9254      0.9254      0.8734
13      A         B           13           ALA           97.86           209    209    115     5.378     5.378     3.956     0.9298      0.9298      0.9298      0.8800
14      A         B           14           LYS           98.19           209    209    115     5.378     5.378     3.956     0.9235      0.9235      0.9235      0.8700
15      A         B           15           LEU           98.57           209    209    115     5.378     5.378     3.956     0.9358      0.9358      0.9358      0.8900
16      A         B           16           SER           97.87           209    209    115     5.378     5.378     3.956     0.9228      0.9228      0.9228      0.8695
17      A         B           17           GLN           97.55           209    209    115     5.378     5.378     3.956     0.9319      0.9319      0.9319      0.8836
18      A         B           18           ALA           98.24           209    209    115     5.378     5.378     3.956     0.9143      0.9143      0.9143      0.8559
19      A         B           19           MET           97.39           209    209    115     5.378     5.378     3.956     0.9018      0.9018      0.9018      0.8369
20      A         B           20           LYS           94.47           209    209    115     5.378     5.378     3.956     0.8772      0.8772      0.8772      0.8003
21      A         B           21           VAL           96.06           209    209    115     5.378     5.378     3.956     0.8708      0.8708      0.8708      0.7910
22      A         B           22           LEU           97.27           209    209    115     5.378     5.378     3.956     0.8709      0.8709      0.8709      0.7908
23      A         B           23           ALA           94.80           209    209    115     5.378     5.378     3.956     0.7895      0.7895      0.7895      0.6814
24      A         B           24           GLU           92.22           209    209    115     5.378     5.378     3.956     0.6868      0.6868      0.6868      0.5573
25      A         B           25           LYS           91.64           209    209    115     5.378     5.378     3.956     0.4445      0.4445      0.4445      0.3161
26      A         B           26           ARG           85.95           209    209     77     5.378     5.378     3.108     0.3158      0.3807      0.3807      0.1798
27      A         B           27           ASP           90.30           209    209    100     5.378     5.378     3.652     0.3768      0.4028      0.4028      0.2469
28      A         B           28           ASP           93.80           209    209    111     5.378     5.378     3.878     0.4024      0.4091      0.4091      0.2723
29      A         B           29           VAL           91.71           209    209    115     5.378     5.378     3.956     0.5046      0.5046      0.5046      0.3636
30      A         B           30           LYS           92.60           209    209    115     5.378     5.378     3.956     0.5533      0.5533      0.5533      0.4103
31      A         B           31           ALA           93.43           209    209    115     5.378     5.378     3.956     0.6363      0.6363      0.6363      0.4971
32      A         B           32           ALA           94.68           209    209    115     5.378     5.378     3.956     0.6712      0.6712      0.6712      0.5340
33      A         B           33           ALA           95.69           209    209    115     5.378     5.378     3.956     0.7628      0.7628      0.7628      0.6429
34      A         B           34           GLU           95.43           209    209    115     5.378     5.378     3.956     0.7161      0.7161      0.7161      0.5866
35      A         B           35           GLU           96.11           209    209    115     5.378     5.378     3.956     0.8338      0.8338      0.8338      0.7365
36      A         B           36           ALA           97.64           209    209    115     5.378     5.378     3.956     0.8412      0.8412      0.8412      0.7470
37      A         B           37           VAL           97.43           209    209    115     5.378     5.378     3.956     0.8576      0.8576      0.8576      0.7702
38      A         B           38           LYS           97.95           209    209    115     5.378     5.378     3.956     0.8433      0.8433      0.8433      0.7499
39      A         B           39           LEU           98.23           209    209    115     5.378     5.378     3.956     0.9005      0.9005      0.9005      0.8335
40      A         B           40           MET           98.42           209    209    115     5.378     5.378     3.956     0.8949      0.8949      0.8949      0.8255
41      A         B           41           LYS           98.09           209    209    115     5.378     5.378     3.956     0.8744      0.8744      0.8744      0.7946
42      A         B           42           GLU           97.94           209    209    115     5.378     5.378     3.956     0.8827      0.8827      0.8827      0.8063
43      A         B           43           ALA           98.28           209    209    115     5.378     5.378     3.956     0.8890      0.8890      0.8890      0.8160
44      A         B           44           ALA           97.87           209    209    115     5.378     5.378     3.956     0.8781      0.8781      0.8781      0.8002
45      A         B           45           LYS           97.88           209    209    115     5.378     5.378     3.956     0.8460      0.8460      0.8460      0.7529
46      A         B           46           LEU           97.98           209    209    115     5.378     5.378     3.956     0.8910      0.8910      0.8910      0.8185
47      A         B           47           ALA           97.69           209    209    115     5.378     5.378     3.956     0.8609      0.8609      0.8609      0.7742
48      A         B           48           ALA           97.74           209    209    115     5.378     5.378     3.956     0.8395      0.8395      0.8395      0.7442
49      A         B           49           LYS           96.94           209    209    115     5.378     5.378     3.956     0.7954      0.7954      0.7954      0.6824
50      A         B           50           ALA           95.85           209    209    115     5.378     5.378     3.956     0.7822      0.7822      0.7822      0.6647
51      A         B           51           ASP           94.61           209    209    115     5.378     5.378     3.956     0.7098      0.7098      0.7098      0.5754
52      A         B           52           GLU           95.85           209    209    115     5.378     5.378     3.956     0.6863      0.6863      0.6863      0.5482
53      A         B           53           GLU           92.85           209    209    115     5.378     5.378     3.956     0.7378      0.7378      0.7378      0.6111
54      A         B           54           LEU           95.39           209    209    115     5.378     5.378     3.956     0.8101      0.8101      0.8101      0.7025
55      A         B           55           LYS           96.61           209    209    115     5.378     5.378     3.956     0.8100      0.8100      0.8100      0.7026
56      A         B           56           LYS           96.43           209    209    115     5.378     5.378     3.956     0.7718      0.7718      0.7718      0.6526
57      A         B           57           LYS           95.80           209    209    115     5.378     5.378     3.956     0.8341      0.8341      0.8341      0.7367
58      A         B           58           VAL           98.07           209    209    115     5.378     5.378     3.956     0.8754      0.8754      0.8754      0.7954
59      A         B           59           GLU           97.83           209    209    115     5.378     5.378     3.956     0.8469      0.8469      0.8469      0.7544
60      A         B           60           GLU           97.46           209    209    115     5.378     5.378     3.956     0.8109      0.8109      0.8109      0.7049
61      A         B           61           ALA           98.18           209    209    115     5.378     5.378     3.956     0.8654      0.8654      0.8654      0.7809
62      A         B           62           LEU           97.49           209    209    115     5.378     5.378     3.956     0.8777      0.8777      0.8777      0.7988
63      A         B           63           LYS           97.45           209    209    115     5.378     5.378     3.956     0.8250      0.8250      0.8250      0.7235
64      A         B           64           GLU           97.78           209    209    115     5.378     5.378     3.956     0.8455      0.8455      0.8455      0.7526
65      A         B           65           VAL           97.46           209    209    115     5.378     5.378     3.956     0.8606      0.8606      0.8606      0.7738
66      A         B           66           GLU           95.53           209    209    115     5.378     5.378     3.956     0.8303      0.8303      0.8303      0.7311
67      A         B           67           LYS           96.19           209    209    115     5.378     5.378     3.956     0.6673      0.6673      0.6673      0.5286
68      A         B           68           ASN           96.50           209    209    115     5.378     5.378     3.956     0.7527      0.7527      0.7527      0.6293
69      A         B           69           ARG           92.85           209    209    115     5.378     5.378     3.956     0.5980      0.5980      0.5980      0.4537
70      A         B           70           ASP           92.51           209    209    115     5.378     5.378     3.956     0.4974      0.4974      0.4974      0.3568
71      A         B           71           ASP           94.83           209    209    115     5.378     5.378     3.956     0.7852      0.7852      0.7852      0.6708
72      A         B           72           ALA           92.40           209    209    115     5.378     5.378     3.956     0.8134      0.8134      0.8134      0.7091
73      A         B           73           GLU           92.99           209    209    115     5.378     5.378     3.956     0.8183      0.8183      0.8183      0.7151
74      A         B           74           LYS           96.58           209    209    115     5.378     5.378     3.956     0.8431      0.8431      0.8431      0.7495
75      A         B           75           MET           97.46           209    209    115     5.378     5.378     3.956     0.8943      0.8943      0.8943      0.8247
76      A         B           76           MET           96.74           209    209    115     5.378     5.378     3.956     0.9023      0.9023      0.9023      0.8367
77      A         B           77           GLU           95.87           209    209    115     5.378     5.378     3.956     0.8844      0.8844      0.8844      0.8094
78      A         B           78           ILE           97.92           209    209    115     5.378     5.378     3.956     0.9062      0.9062      0.9062      0.8429
79      A         B           79           VAL           97.99           209    209    115     5.378     5.378     3.956     0.9281      0.9281      0.9281      0.8773
80      A         B           80           ALA           97.04           209    209    115     5.378     5.378     3.956     0.9220      0.9220      0.9220      0.8673
81      A         B           81           LYS           96.52           209    209    115     5.378     5.378     3.956     0.9102      0.9102      0.9102      0.8491
82      A         B           82           ALA           98.02           209    209    115     5.378     5.378     3.956     0.9226      0.9226      0.9226      0.8686
83      A         B           83           ILE           98.08           209    209    115     5.378     5.378     3.956     0.9399      0.9399      0.9399      0.8963
84      A         B           84           VAL           95.95           209    209    115     5.378     5.378     3.956     0.9196      0.9196      0.9196      0.8637
85      A         B           85           ASP           96.25           209    209    115     5.378     5.378     3.956     0.9155      0.9155      0.9155      0.8572
86      A         B           86           VAL           97.40           209    209    115     5.378     5.378     3.956     0.9209      0.9209      0.9209      0.8656
87      A         B           87           MET           95.96           209    209    115     5.378     5.378     3.956     0.9103      0.9103      0.9103      0.8487
88      A         B           88           LYS           94.17           209    209    115     5.378     5.378     3.956     0.9120      0.9120      0.9120      0.8516
89      A         B           89           TYR           96.24           209    209    115     5.378     5.378     3.956     0.9112      0.9112      0.9112      0.8501
90      A         B           90           ILE           94.42           209    209    115     5.378     5.378     3.956     0.8882      0.8882      0.8882      0.8145
91      A         B           91           SER           92.63           209    209    115     5.378     5.378     3.956     0.8073      0.8073      0.8073      0.6994
92      A         B           92           LYS           90.90           209    209    115     5.378     5.378     3.956     0.7814      0.7814      0.7814      0.6665
93      A         B           93           LEU           90.37           209    209    115     5.378     5.378     3.956     0.6175      0.6175      0.6175      0.4768
94      A         B           94           ASP           79.36           209    209     21     5.378     5.378     1.039     0.1731      0.3195      0.3195      0.0177
95      B         A            1           ASN           53.04           209    208      0     5.378     5.366     1.039     0.0604      0.0000      0.0000      0.0000
96      B         A            2           ALA           77.57           209    208      6     5.378     5.366     1.039     0.1196      0.2498      0.2489      0.0124
97      B         A            3           PHE           95.55           209    208     94     5.378     5.366     3.521     0.7734      0.7734      0.7727      0.6025
98      B         A            4           THR           96.07           209    208     94     5.378     5.366     3.521     0.8031      0.8031      0.8024      0.6437
99      B         A            5           VAL           97.85           209    208     94     5.378     5.366     3.521     0.8903      0.8903      0.8899      0.7810
100     B         A            6           THR           97.77           209    208     94     5.378     5.366     3.521     0.8798      0.8798      0.8794      0.7622
101     B         A            7           VAL           98.06           209    208     94     5.378     5.366     3.521     0.8364      0.8364      0.8358      0.6920
102     B         A            8           PRO           96.11           209    208     94     5.378     5.366     3.521     0.7835      0.7835      0.7827      0.6131
103     B         A            9           LYS           94.29           209    208     94     5.378     5.366     3.521     0.6168      0.6168      0.6157      0.4165
104     B         A           10           ASP           95.56           209    208     94     5.378     5.366     3.521     0.5722      0.5722      0.5712      0.3735
105     B         A           11           LEU           98.31           209    208     94     5.378     5.366     3.521     0.7796      0.7796      0.7788      0.6094
106     B         A           12           TYR           98.29           209    208     94     5.378     5.366     3.521     0.8254      0.8254      0.8247      0.6749
107     B         A           13           VAL           97.97           209    208     94     5.378     5.366     3.521     0.7646      0.7646      0.7638      0.5889
108     B         A           14           VAL           95.87           209    208     94     5.378     5.366     3.521     0.6039      0.6039      0.6028      0.4028
109     B         A           15           GLU           97.29           209    208     94     5.378     5.366     3.521     0.6220      0.6220      0.6209      0.4188
110     B         A           16           TYR           97.72           209    208     94     5.378     5.366     3.521     0.7231      0.7231      0.7222      0.5331
111     B         A           17           GLY           97.93           209    208     94     5.378     5.366     3.521     0.6536      0.6536      0.6525      0.4518
112     B         A           18           SER           97.13           209    208     94     5.378     5.366     3.521     0.6521      0.6521      0.6510      0.4491
113     B         A           19           ASN           97.50           209    208     94     5.378     5.366     3.521     0.7320      0.7320      0.7311      0.5443
114     B         A           20           MET           95.15           209    208     94     5.378     5.366     3.521     0.7035      0.7035      0.7026      0.5099
115     B         A           21           THR           97.85           209    208     94     5.378     5.366     3.521     0.7904      0.7904      0.7897      0.6232
116     B         A           22           ILE           94.83           209    208     94     5.378     5.366     3.521     0.5516      0.5516      0.5505      0.3549
117     B         A           23           GLU           97.65           209    208     94     5.378     5.366     3.521     0.8343      0.8343      0.8337      0.6886
118     B         A           24           CYS           96.83           209    208     94     5.378     5.366     3.521     0.8421      0.8421      0.8415      0.7004
119     B         A           25           LYS           97.31           209    208     94     5.378     5.366     3.521     0.8604      0.8604      0.8599      0.7296
120     B         A           26           PHE           98.11           209    208     94     5.378     5.366     3.521     0.9025      0.9025      0.9021      0.8014
121     B         A           27           PRO           95.45           209    208     94     5.378     5.366     3.521     0.8106      0.8106      0.8099      0.6530
122     B         A           28           VAL           94.12           209    208     94     5.378     5.366     3.521     0.5109      0.5109      0.5098      0.3165
123     B         A           29           GLU           74.66           209    208     41     5.378     5.366     1.873     0.2196      0.2820      0.2810      0.0460
124     B         A           30           LYS           81.84           209    208     21     5.378     5.366     1.039     0.1953      0.2908      0.2899      0.0154
125     B         A           31           GLN           87.85           209    208     94     5.378     5.366     3.521     0.4600      0.4600      0.4589      0.2765
126     B         A           32           LEU           93.91           209    208     94     5.378     5.366     3.521     0.8195      0.8195      0.8188      0.6685
127     B         A           33           ASP           93.13           209    208     94     5.378     5.366     3.521     0.8871      0.8871      0.8866      0.7757
128     B         A           34           LEU           93.79           209    208     94     5.378     5.366     3.521     0.9004      0.9004      0.9000      0.7988
129     B         A           35           ALA           91.91           209    208     94     5.378     5.366     3.521     0.9073      0.9073      0.9069      0.8114
130     B         A           36           ALA           94.01           209    208     94     5.378     5.366     3.521     0.9046      0.9046      0.9042      0.8063
131     B         A           37           LEU           97.10           209    208     94     5.378     5.366     3.521     0.9448      0.9448      0.9445      0.8817
132     B         A           38           ILE           97.43           209    208     94     5.378     5.366     3.521     0.9477      0.9477      0.9475      0.8877
133     B         A           39           VAL           98.09           209    208     94     5.378     5.366     3.521     0.9440      0.9440      0.9438      0.8801
134     B         A           40           TYR           96.88           209    208     94     5.378     5.366     3.521     0.9167      0.9167      0.9164      0.8281
135     B         A           41           TRP           98.26           209    208     94     5.378     5.366     3.521     0.9276      0.9276      0.9273      0.8484
136     B         A           42           GLU           95.88           209    208     94     5.378     5.366     3.521     0.8533      0.8533      0.8527      0.7188
137     B         A           43           MET           94.91           209    208     94     5.378     5.366     3.521     0.7558      0.7558      0.7550      0.5782
138     B         A           44           GLU           87.88           209    208     94     5.378     5.366     3.521     0.4439      0.4439      0.4429      0.2660
139     B         A           45           ASP           87.51           209    208     94     5.378     5.366     3.521     0.4806      0.4806      0.4795      0.2953
140     B         A           46           LYS           94.87           209    208     94     5.378     5.366     3.521     0.7170      0.7170      0.7161      0.5305
141     B         A           47           ASN           94.71           209    208     94     5.378     5.366     3.521     0.8019      0.8019      0.8012      0.6422
142     B         A           48           ILE           97.94           209    208     94     5.378     5.366     3.521     0.8930      0.8930      0.8926      0.7853
143     B         A           49           ILE           97.43           209    208     94     5.378     5.366     3.521     0.9077      0.9077      0.9074      0.8110
144     B         A           50           GLN           96.55           209    208     94     5.378     5.366     3.521     0.9100      0.9100      0.9096      0.8153
145     B         A           51           PHE           97.31           209    208     94     5.378     5.366     3.521     0.9176      0.9176      0.9173      0.8293
146     B         A           52           VAL           93.39           209    208     94     5.378     5.366     3.521     0.8349      0.8349      0.8342      0.6910
147     B         A           53           HIS           84.47           209    208     94     5.378     5.366     3.521     0.7509      0.7509      0.7501      0.5745
148     B         A           54           GLY           92.02           209    208     94     5.378     5.366     3.521     0.7882      0.7882      0.7875      0.6227
149     B         A           55           GLU           91.42           209    208     94     5.378     5.366     3.521     0.7157      0.7157      0.7148      0.5292
150     B         A           56           GLU           92.29           209    208     94     5.378     5.366     3.521     0.7725      0.7725      0.7717      0.5993
151     B         A           57           ASP           91.33           209    208     94     5.378     5.366     3.521     0.7686      0.7686      0.7678      0.5939
152     B         A           58           LEU           90.01           209    208     94     5.378     5.366     3.521     0.7133      0.7133      0.7124      0.5236
153     B         A           59           LYS           93.14           209    208     94     5.378     5.366     3.521     0.7016      0.7016      0.7006      0.5087
154     B         A           60           VAL           92.14           209    208     94     5.378     5.366     3.521     0.7337      0.7337      0.7328      0.5483
155     B         A           61           GLN           96.48           209    208     94     5.378     5.366     3.521     0.8429      0.8429      0.8423      0.7011
156     B         A           62           HIS           97.23           209    208     94     5.378     5.366     3.521     0.8614      0.8614      0.8608      0.7311
157     B         A           63           SER           95.37           209    208     94     5.378     5.366     3.521     0.7878      0.7878      0.7870      0.6199
158     B         A           64           SER           94.43           209    208     94     5.378     5.366     3.521     0.7319      0.7319      0.7310      0.5457
159     B         A           65           TYR           96.65           209    208     94     5.378     5.366     3.521     0.8124      0.8124      0.8117      0.6548
160     B         A           66           ARG           94.29           209    208     94     5.378     5.366     3.521     0.6724      0.6724      0.6714      0.4764
161     B         A           67           GLN           94.29           209    208     94     5.378     5.366     3.521     0.5907      0.5907      0.5896      0.3883
162     B         A           68           ARG           95.84           209    208     94     5.378     5.366     3.521     0.6938      0.6938      0.6929      0.4988
163     B         A           69           ALA           97.22           209    208     94     5.378     5.366     3.521     0.8260      0.8260      0.8253      0.6745
164     B         A           70           ARG           94.95           209    208     94     5.378     5.366     3.521     0.7256      0.7256      0.7247      0.5376
165     B         A           71           LEU           97.47           209    208     94     5.378     5.366     3.521     0.8631      0.8631      0.8625      0.7332
166     B         A           72           LEU           97.58           209    208     94     5.378     5.366     3.521     0.8440      0.8440      0.8434      0.7022
167     B         A           73           LYS           93.19           209    208     94     5.378     5.366     3.521     0.6761      0.6761      0.6751      0.4782
168     B         A           74           ASP           94.22           209    208     94     5.378     5.366     3.521     0.6530      0.6530      0.6520      0.4523
169     B         A           75           GLN           95.95           209    208     94     5.378     5.366     3.521     0.8172      0.8172      0.8165      0.6614
170     B         A           76           LEU           96.75           209    208     94     5.378     5.366     3.521     0.8697      0.8697      0.8691      0.7441
171     B         A           77           SER           93.99           209    208     94     5.378     5.366     3.521     0.7768      0.7768      0.7760      0.6039
172     B         A           78           LEU           94.63           209    208     94     5.378     5.366     3.521     0.7650      0.7650      0.7641      0.5874
173     B         A           79           GLY           97.34           209    208     94     5.378     5.366     3.521     0.8157      0.8157      0.8150      0.6593
174     B         A           80           ASN           97.32           209    208     94     5.378     5.366     3.521     0.8815      0.8815      0.8810      0.7644
175     B         A           81           ALA           97.88           209    208     94     5.378     5.366     3.521     0.8882      0.8882      0.8877      0.7761
176     B         A           82           ALA           98.10           209    208     94     5.378     5.366     3.521     0.8561      0.8561      0.8556      0.7221
177     B         A           83           LEU           98.50           209    208     94     5.378     5.366     3.521     0.8924      0.8924      0.8920      0.7834
178     B         A           84           GLN           97.96           209    208     94     5.378     5.366     3.521     0.8739      0.8739      0.8734      0.7511
179     B         A           85           ILE           98.03           209    208     94     5.378     5.366     3.521     0.8641      0.8641      0.8636      0.7351
180     B         A           86           THR           97.42           209    208     94     5.378     5.366     3.521     0.8174      0.8174      0.8168      0.6614
181     B         A           87           ASP           96.43           209    208     94     5.378     5.366     3.521     0.7290      0.7290      0.7281      0.5399
182     B         A           88           VAL           97.81           209    208     94     5.378     5.366     3.521     0.7724      0.7724      0.7716      0.5976
183     B         A           89           LYS           95.98           209    208     94     5.378     5.366     3.521     0.7379      0.7379      0.7370      0.5520
184     B         A           90           LEU           96.80           209    208     94     5.378     5.366     3.521     0.7202      0.7202      0.7193      0.5333
185     B         A           91           GLN           94.09           209    208     94     5.378     5.366     3.521     0.7641      0.7641      0.7633      0.5891
186     B         A           92           ASP           97.66           209    208     94     5.378     5.366     3.521     0.8031      0.8031      0.8024      0.6424
187     B         A           93           ALA           97.57           209    208     94     5.378     5.366     3.521     0.7871      0.7871      0.7863      0.6213
188     B         A           94           GLY           97.46           209    208     94     5.378     5.366     3.521     0.7778      0.7778      0.7770      0.6134
189     B         A           95           VAL           96.40           209    208     94     5.378     5.366     3.521     0.8718      0.8718      0.8713      0.7492
190     B         A           96           TYR           98.27           209    208     94     5.378     5.366     3.521     0.9029      0.9029      0.9025      0.8031
191     B         A           97           ARG           96.72           209    208     94     5.378     5.366     3.521     0.8680      0.8680      0.8674      0.7436
192     B         A           98           CYS           96.50           209    208     94     5.378     5.366     3.521     0.8921      0.8921      0.8917      0.7845
193     B         A           99           MET           97.21           209    208     94     5.378     5.366     3.521     0.9252      0.9252      0.9249      0.8440
194     B         A          100           ILE           97.98           209    208     94     5.378     5.366     3.521     0.9510      0.9510      0.9508      0.8943
195     B         A          101           SER           97.63           209    208     94     5.378     5.366     3.521     0.9418      0.9418      0.9416      0.8763
196     B         A          102           TYR           96.71           209    208     94     5.378     5.366     3.521     0.9231      0.9231      0.9228      0.8404
197     B         A          103           GLY           94.52           209    208     94     5.378     5.366     3.521     0.8652      0.8652      0.8647      0.7411
198     B         A          104           GLY           97.15           209    208     94     5.378     5.366     3.521     0.9103      0.9103      0.9099      0.8176
199     B         A          105           ALA           97.05           209    208     94     5.378     5.366     3.521     0.9339      0.9339      0.9336      0.8610
200     B         A          106           ASP           97.61           209    208     94     5.378     5.366     3.521     0.9376      0.9376      0.9373      0.8682
201     B         A          107           TYR           97.16           209    208     94     5.378     5.366     3.521     0.9262      0.9262      0.9259      0.8464
202     B         A          108           LYS           97.49           209    208     94     5.378     5.366     3.521     0.9076      0.9076      0.9072      0.8117
203     B         A          109           ARG           96.46           209    208     94     5.378     5.366     3.521     0.8778      0.8778      0.8773      0.7606
204     B         A          110           ILE           98.02           209    208     94     5.378     5.366     3.521     0.8870      0.8870      0.8865      0.7756
205     B         A          111           THR           98.06           209    208     94     5.378     5.366     3.521     0.8612      0.8612      0.8607      0.7325
206     B         A          112           VAL           98.28           209    208     94     5.378     5.366     3.521     0.8647      0.8647      0.8642      0.7376
207     B         A          113           LYS           98.13           209    208     94     5.378     5.366     3.521     0.8086      0.8086      0.8079      0.6511
208     B         A          114           VAL           97.77           209    208     94     5.378     5.366     3.521     0.6613      0.6613      0.6603      0.4652
209     B         A          115           ASN           91.93           209    208     94     5.378     5.366     3.521     0.3584      0.3584      0.3574      0.1968
